L5	explicit	10	10,242	0.10	0.00	10000	69.444	0.00	0.00
L5	explicit	128	10,242	3.90	0.00	256	22.792	0.00	0.00
L5	implicit	10	10,242	0.70	0.00	1429	9.921	0.00	0.00
L5	implicit	128	10,242	14.80	0.00	68	6.006	0.00	0.00
L6	explicit	10	40,962	0.10	0.00	10000	69.444	0.00	0.00
L6	explicit	128	40,962	18.00	0.00	56	4.938	0.00	0.00
L6	implicit	10	40,962	0.80	0.00	1250	8.681	0.00	0.00
L6	implicit	128	40,962	41.30	0.00	24	2.152	0.00	0.00
L7	explicit	10	163,842	0.20	0.00	5000	34.722	0.00	0.00
L7	explicit	128	163,842	38.60	0.00	26	2.303	0.00	0.00
L7	implicit	10	163,842	0.80	0.00	1250	8.681	0.00	0.00
L7	implicit	128	163,842	248.90	0.00	4	0.357	0.00	0.00
L5	explicit	auto→128		4.12		243	5.333		
L5	implicit	auto→128		15.29		65	5.333		
L6	explicit	auto→110		16.69		60	4.578		
L6	implicit	auto→48		16.47		61	2.000		
L7	explicit	auto→51		16.60		60	2.125		
L7	implicit	auto→7		14.72		68	0.292

Per-pass breakdown (ms / frame)

pass	L5	L6	L7
ocean	0.037	0.036	0.249
air	0.030	0.033	0.065
cplO	0.051	0.068	0.058
cplA	0.061	0.107	0.110
ice	0.167	0.195	0.065
smooth	0.003	0.003	0.018
vflow	0.003	0.003	0.008
flow	0.021	0.029	0.038
blend	0.000	0.000	0.008
draw	0.000	0.000	0.000